0 0 88
1 176 88
2 88 177
3 177 178
4 178 179
5 179 180
6 180 181
7 181 182
8 182 183
9 183 184
10 184 185
11 185 186
12 186 187
13 187 188
14 188 189
15 189 190
16 205 89
17 206 90
18 207 91
19 208 92
20 209 93
21 210 94
22 211 212
23 1 89
24 2 90
25 3 91
26 4 92
27 5 93
28 6 94
29 9 97
30 10 98
31 176 205
32 205 206
33 206 207
34 207 208
35 208 209
36 209 210
37 210 211
38 177 89
39 89 90
40 90 91
41 91 92
42 92 93
43 93 94
44 94 212
45 212 213
46 213 214
47 214 215
48 215 216
49 216 217
50 97 98
51 97 213
52 182 204
53 204 99
54 99 100
55 100 95
56 95 96
57 96 218
58 218 217
59 217 219
60 11 99
61 12 100
62 7 95
63 8 96
64 183 203
65 203 223
66 223 222
67 222 221
68 221 220
69 204 203
70 95 223
71 96 222
72 218 221
73 219 220
74 220 101
75 101 102
76 102 103
77 103 104
78 104 105
79 105 106
80 106 107
81 107 108
82 108 109
83 109 110
84 13 101
85 14 102
86 15 103
87 16 104
88 17 105
89 18 106
90 19 107
91 20 108
92 21 109
93 22 110
94 110 230
95 188 111
96 111 112
97 112 113
98 113 114
99 114 115
100 115 116
101 116 120
102 120 119
103 119 230
104 23 111
105 24 112
106 25 113
107 26 114
108 27 115
109 28 116
110 32 120
111 31 119
112 111 224
113 112 225
114 113 117
115 114 226
116 115 227
117 116 121
118 230 229
119 189 202
120 202 224
121 224 225
122 225 118
123 118 117
124 117 226
125 226 227
126 227 121
127 121 228
128 228 229
129 190 201
130 201 202
131 118 30
132 117 29
133 121 33
134 228 232
135 229 231
136 231 232
137 190 191
138 191 192
139 192 193
140 193 194
141 194 195
142 200 201
143 200 199
144 199 198
145 198 197
146 197 196
147 232 233
148 232 231
149 39 127
150 40 128
151 122 34
152 123 35
153 124 36
154 125 37
155 233 122
156 122 123
157 123 124
158 124 125
159 125 234
160 231 127
161 127 128
162 128 234
163 190 201
164 191 200
165 192 199
166 193 198
167 194 197
168 195 196
169 197 132
170 44 132
171 45 133
172 41 129
173 38 126
174 42 130
175 242 241
176 131 242
177 43 131
178 132 133
179 133 129
180 129 126
181 126 130
182 131 130
183 196 243
184 129 243
185 126 244
186 130 245
187 131 246
188 242 247
189 241 248
190 243 244
191 244 245
192 245 246
193 246 247
194 247 248
195 84 172
196 85 173
197 86 174
198 87 175
199 235 237
200 237 241
201 143 236
202 143 142
203 142 238
204 173 140
205 140 141
206 141 239
207 238 240
208 240 249
209 235 236
210 236 172
211 172 173
212 173 174
213 174 175
214 55 143
215 54 142
216 140 52
217 141 53
218 237 238
219 238 239
220 241 240
221 248 249
222 247 134
223 134 135
224 135 136
225 136 137
226 137 138
227 138 139
228 139 256
229 256 257
230 257 258
231 258 259
232 259 260
233 261 262
234 262 263
235 263 264
236 264 265
237 265 266
238 266 267
239 267 268
240 268 269
241 269 270
242 270 271
243 271 272
244 272 273
245 273 274
246 146 58
247 147 59
248 144 56
249 145 57
250 248 251
251 251 252
252 251 255
253 255 148
254 148 149
255 149 150
256 150 151
257 151 152
258 152 153
259 153 154
260 154 155
261 155 156
262 156 157
263 157 158
264 158 159
265 159 160
266 160 161
267 161 162
268 162 163
269 163 164
270 164 165
271 165 166
272 166 167
273 167 168
274 168 169
275 169 171
276 171 170
277 249 250
278 250 253
279 253 254
280 46 134
281 47 135
282 48 136
283 49 137
284 50 138
285 51 139
286 146 147
287 147 144
288 144 145
289 145 275
290 136 251
291 137 252
292 138 255
293 256 148
294 257 149
295 258 150
296 259 151
297 260 261
298 260 152
299 261 155
300 262 156
301 263 157
302 264 158
303 265 161
304 266 162
305 267 163
306 268 164
307 269 166
308 270 167
309 271 168
310 272 169
311 273 171
312 274 170
313 251 150
314 252 253
315 254 255
316 148 60
317 149 61
318 150 62
319 151 63
320 152 64
321 153 65
322 154 66
323 155 67
324 156 68
325 157 69
326 158 70
327 159 71
328 160 72
329 161 73
330 162 74
331 163 75
332 164 76
333 165 77
334 166 78
335 167 79
336 168 80
337 169 81
338 170 82
339 171 83
340 251 250
341 276 178
342 277 214
343 278 230
344 279 242
345 280 236