0    200  200 FaLiaoJi
1   4000 4000 ZRS01-1
2     -1 3789 ZRS1-U
3   4000 4000 ZRS01-2
4   4000 4000 ZRS02-1
5     -1 5053 ZRS2-U
6   4000 4000 ZRS02-2
7   1579   -1 ZRX1-L
8   1053   -1 ZRX2-L
13  2000 2368 KTZ4-G
14  2105 2263 KTZ4-S
15  2000 2368 KTZ3-G
16  2105 2263 KTZ3-S
17  2000 2368 KTZ2-G
18  2105 2263 KTZ2-S
19  2000 2368 KTZ1-G
20  2105 2263 KTZ1-S
21  1895 2211 YH1
23  5053 3158 SE1B
24  3789 2632 SE1A
25  5053 3158 SE2B
26  3789 2632 SE2A
27  4737 5053 SE3B
28  4737 5053 SE3A
33   632  947 JPS1
34  3789   -1 KSS2-L
35    -1 3316 KSS2-U
36    -1 3158 KSS1-U
37  3789   -1 KSS1-L
38    -1 3158 JPZ1-U
41  3316   -1 JPX1-L
42  3947 3789 KSX2
43  4105 3158 KSX1
46  2737 2632 TH3-G
47  2526 2368 TH3-S
48  1158   -1 TH2-L
49    -1 1132 TH2-U
50  1421   -1 TH1-L
51    -1 1263 TH1-U
60  3474   -1 BP4-L
61    -1 3158 BP4-U
62    -1 3158 BP3-U
63  3474   -1 BP3-L
64  4105   -1 BP2-L
65    -1 2842 BP2-U
66    -1 3947 BP1-U
67  4105   -1 BP1-L
68  3789   -1 ZP4-L
69    -1 4105 ZP4-U
70    -1 3474 ZP3-U
71  3789   -1 ZP3-L
72  3789   -1 ZP2-L
73    -1 3895 ZP2-U
74    -1 3895 ZP1-U
75  3789   -1 ZP1-L
80    -1 1368 ALD2-U
81   316   -1 ALD2-L
82   384   -1 ALD1-L
83    -1  632 ALD1-U
84  5053 4737 PRI2B
85  4895 4737 PRI2A
86  5053 4737 PRI1B
87  3947 4737 PRI1A
276   -1   -1 ParkingFLJ
277   -1   -1 ParkingQDS
278   -1   -1 ParkingQDG
279   -1   -1 ParkingHDS
280   -1   -1 ParkingHDG
