0 0 1 0
1 0 3 0
2 0 4 0
3 0 6 0
4 1 276 4
5 3 276 4
6 4 276 4
7 6 276 4
8 276 0 4
9 7 20 0
10 7 18 0
11 19 24 0
12 19 23 0
13 19 26 0
14 19 25 0
15 17 24 0
16 17 23 0
17 17 26 0
18 17 25 0
19 24 36 0
20 24 35 0
21 23 36 0
22 23 35 0
23 26 36 0
24 26 35 0
25 25 36 0
26 25 35 0
27 8 16 0
28 8 14 0
29 15 28 0
30 15 27 0
31 13 28 0
32 13 27 0
33 28 21 0
34 27 21 0
35 21 33 0
36 20 277 2
37 18 277 2
38 16 277 2
39 14 277 2
40 277 2 2
41 277 5 2
42 33 278 1
43 37 278 1
44 34 278 1
45 278 19 1
46 278 17 1
47 278 15 1
48 278 13 1
49 43 51 0
50 43 49 0
51 42 51 0
52 42 49 0
53 50 83 0
54 48 83 0
55 82 74 0
56 82 70 0
57 82 69 0
58 75 65 0
59 75 62 0
60 75 61 0
61 71 65 0
62 71 62 0
63 71 61 0
64 68 65 0
65 68 62 0
66 68 61 0
67 64 86 0
68 64 85 0
69 63 86 0
70 63 85 0
71 60 86 0
72 60 85 0
73 41 47 0
74 46 80 0
75 81 73 0
76 72 66 0
77 67 87 0
78 67 84 0
79 47 279 2
80 279 38 2
81 87 280 1
82 86 280 1
83 85 280 1
84 84 280 1
85 280 46 1
86 280 43 1
87 280 42 1
88 2 7 3
89 5 8 3
90 36 37 3
91 35 34 3
92 38 41 3
93 51 50 3
94 49 48 3
95 83 82 3
96 80 81 3
97 74 75 3
98 73 72 3
99 70 71 3
100 69 68 3
101 66 67 3
102 65 64 3
103 62 63 3
104 61 60 3
