  0 0   23   5 FaLiaoJi
  1 0   45 111 ZRS01-1
  2 0   45 121 ZRS1-U
  3 0   45 132 ZRS01-2
  4 0   45 154 ZRS02-1
  5 0   45 165 ZRS2-U
  6 0   45 176 ZRS02-2
  7 0  353 122 ZRX1-L
  8 0  353 166 ZRX2-L
  9 0   38 237 Buffer1R
 10 0   38 246 Buffer1L
 11 0  353  85 Buffer2R
 12 0  353  94 Buffer2L
 13 0  503 220 KTZ4-G
 14 0  521 220 KTZ4-S
 15 0  546 219 KTZ3-G
 16 0  564 219 KTZ3-S
 17 0  592 219 KTZ2-G
 18 0  609 219 KTZ2-S
 19 0  637 219 KTZ1-G
 20 0  654 219 KTZ1-S
 21 0  681 219 YH1-1
 22 0  698 219 YH1-2
 23 0  768  55 SE1B
 24 0  768  72 SE1A
 25 0  768  95 SE2B
 26 0  768 113 SE2A
 27 0  768 138 SE3B
 28 0  768 153 SE3A
 29 0  845  95 Buffer4R
 30 0  845  85 Buffer4L
 31 0  768 185 Buffer3L
 32 0  768 175 Buffer3R
 33 0  833 153 JPS1
 34 0  989 180 KSS2-L
 35 0  989 189 KSS2-U
 36 0  989 210 KSS1-U
 37 0  989 219 KSS1-L
 38 0  989 156 JPZ1-U
 39 0  920 216 Buffer5L
 40 0  930 216 Buffer5R
 41 0 1228 124 JPX1-L
 42 0 1231 185 KSX2
 43 0 1231 208 KSX1
 44 0 1228  90 Buffer6R
 45 0 1228 100 Buffer6L
 46 0 1330 216 TH3-G
 47 0 1346 216 TH3-S
 48 0 1376 216 TH2-L
 49 0 1393 216 TH2-U
 50 0 1423 216 TH1-L
 51 0 1440 216 TH1-U
 52 0 1175 433 Buffer8R
 53 0 1185 433 Buffer8L
 54 0 1185 353 Buffer7L
 55 0 1175 353 Buffer7R
 56 0 1880 220 Buffer9L
 57 0 1880 230 Buffer9R
 58 0 1880 194 Buffer10L
 59 0 1880 204 Buffer10R
 60 0 1458 289 BP4-L
 61 0 1468 289 BP4-U
 62 0 1486 289 BP3-U
 63 0 1496 289 BP3-L
 64 0 1520 289 BP2-L
 65 0 1531 289 BP2-U
 66 0 1551 289 BP1-U
 67 0 1561 289 BP1-L
 68 0 1583 289 ZP4-L
 69 0 1594 289 ZP4-U
 70 0 1614 289 ZP3-U
 71 0 1625 289 ZP3-L
 72 0 1646 289 ZP2-L
 73 0 1657 289 ZP2-U
 74 0 1677 289 ZP1-U
 75 0 1688 289 ZP1-L
 76 0 1707 289 PEALD2-L
 77 0 1718 289 PEALD2-U
 78 0 1748 289 PEALD1-L
 79 0 1759 289 PEALD1-U
 80 0 1794 280 ALD2-U
 81 0 1816 280 ALD2-L
 82 0 1863 287 ALD1-L
 83 0 1845 287 ALD1-U
 84 0 1113 388 PRI2B
 85 0 1113 406 PRI2A
 86 0 1113 443 PRI1B
 87 0 1113 460 PRI1A
 88 1   23  31 Entry0
 89 1   33 111 Entry1
 90 1   33 121 Entry2
 91 1   33 132 Entry3
 92 1   33 154 Entry4
 93 1   33 165 Entry5
 94 1   33 176 Entry6
 95 1  383 122 Entry7
 96 1  383 166 Entry8
 97 1   63 237 Entry9
 98 1   63 246 Entry10
 99 1  383  85 Entry11
100 1  383  94 Entry12
101 1  503 242 Entry13
102 1  521 242 Entry14
103 1  546 242 Entry15
104 1  564 242 Entry16
105 1  592 242 Entry17
106 1  609 242 Entry18
107 1  637 242 Entry19
108 1  654 242 Entry20
109 1  681 242 Entry21
110 1  698 242 Entry22
111 1  785  55 Entry23
112 1  785  72 Entry24
113 1  785  95 Entry25
114 1  785 113 Entry26
115 1  785 138 Entry27
116 1  785 153 Entry28
117 1  809  95 Entry29
118 1  809  85 Entry30
119 1  785 185 Entry31
120 1  785 175 Entry32
121 1  809 153 Entry33
122 1  962 180 Entry34
123 1  962 189 Entry35
124 1  962 210 Entry36
125 1  962 219 Entry37
126 1 1261 156 Entry38
127 1  920 242 Entry39
128 1  930 242 Entry40
129 1 1261 124 Entry41
130 1 1261 185 Entry42
131 1 1261 208 Entry43
132 1 1261  90 Entry44
133 1 1261 100 Entry45
134 1 1330 237 Entry46
135 1 1346 237 Entry47
136 1 1376 237 Entry48
137 1 1393 237 Entry49
138 1 1423 237 Entry50
139 1 1440 237 Entry51
140 1 1175 406 Entry52
141 1 1185 406 Entry53
142 1 1185 317 Entry54
143 1 1175 317 Entry55
144 1 1780 220 Entry56
145 1 1780 230 Entry57
146 1 1780 194 Entry58
147 1 1780 204 Entry59
148 1 1458 268 Entry60
149 1 1468 268 Entry61
150 1 1486 268 Entry62
151 1 1496 268 Entry63
152 1 1520 268 Entry64
153 1 1531 268 Entry65
154 1 1551 268 Entry66
155 1 1561 268 Entry67
156 1 1583 268 Entry68
157 1 1594 268 Entry69
158 1 1614 268 Entry70
159 1 1625 268 Entry71
160 1 1646 268 Entry72
161 1 1657 268 Entry73
162 1 1677 268 Entry74
163 1 1688 268 Entry75
164 1 1707 268 Entry76
165 1 1718 268 Entry77
166 1 1748 268 Entry78
167 1 1759 268 Entry79
168 1 1794 268 Entry80
169 1 1816 268 Entry81
170 1 1863 268 Entry82
171 1 1845 268 Entry83
172 1 1140 388 Entry84
173 1 1140 406 Entry85
174 1 1140 443 Entry86
175 1 1140 460 Entry87
176 2    6  31 PathNode0
177 2   33  31 PathNode1
178 2   90  31 PathNode2
179 2  175  31 PathNode3
180 2  255  31 PathNode4
181 2  318  31 PathNode5
182 2  383  31 PathNode6
183 2  471  31 PathNode7
184 2  524  31 PathNode8
185 2  584  31 PathNode9
186 2  652  31 PathNode10
187 2  716  31 PathNode11
188 2  785  31 PathNode12
189 2  809  31 PathNode13
190 2  907  31 PathNode14
191 2 1002  31 PathNode15
192 2 1093  31 PathNode16
193 2 1186  31 PathNode17
194 2 1261  31 PathNode18
195 2 1302  31 PathNode19
196 2 1302  45 PathNode20
197 2 1261  45 PathNode21
198 2 1186  45 PathNode22
199 2 1093  45 PathNode23
200 2 1002  45 PathNode24
201 2  907  45 PathNode25
202 2  809  45 PathNode26
203 2  471  73 PathNode27
204 2  383  73 PathNode28
205 2    6 111 PathNode29
206 2    6 121 PathNode30
207 2    6 132 PathNode31
208 2    6 154 PathNode32
209 2    6 165 PathNode33
210 2    6 176 PathNode34
211 2    6 221 PathNode35
212 2   33 221 PathNode36
213 2   63 221 PathNode37
214 2  139 221 PathNode38
215 2  221 221 PathNode39
216 2  298 221 PathNode40
217 2  383 221 PathNode41
218 2  383 203 PathNode42
219 2  383 242 PathNode43
220 2  471 242 PathNode44
221 2  471 203 PathNode45
222 2  471 166 PathNode46
223 2  471 122 PathNode47
224 2  809  55 PathNode48
225 2  809  72 PathNode49
226 2  809 113 PathNode50
227 2  809 138 PathNode51
228 2  809 168 PathNode52
229 2  809 242 PathNode53
230 2  785 242 PathNode54
231 2  898 242 PathNode55
232 2  898 168 PathNode56
233 2  962 168 PathNode57
234 2  962 242 PathNode58
235 2 1140 268 PathNode59
236 2 1140 317 PathNode60
237 2 1207 268 PathNode61
238 2 1207 317 PathNode62
239 2 1207 406 PathNode63
240 2 1261 317 PathNode64
241 2 1261 268 PathNode65
242 2 1261 237 PathNode66
243 2 1302 124 PathNode67
244 2 1302 156 PathNode68
245 2 1302 185 PathNode69
246 2 1302 208 PathNode70
247 2 1302 237 PathNode71
248 2 1302 268 PathNode72
249 2 1302 317 PathNode73
250 2 1376 317 PathNode74
251 2 1376 268 PathNode75
252 2 1393 268 PathNode76
253 2 1393 317 PathNode77
254 2 1423 317 PathNode78
255 2 1423 268 PathNode79
256 2 1458 237 PathNode80
257 2 1468 237 PathNode81
258 2 1486 237 PathNode82
259 2 1496 237 PathNode83
260 2 1520 237 PathNode84
261 2 1561 237 PathNode85
262 2 1583 237 PathNode86
263 2 1594 237 PathNode87
264 2 1614 237 PathNode88
265 2 1657 237 PathNode89
266 2 1677 237 PathNode90
267 2 1688 237 PathNode91
268 2 1707 237 PathNode92
269 2 1748 237 PathNode93
270 2 1759 237 PathNode94
271 2 1794 237 PathNode95
272 2 1816 237 PathNode96
273 2 1845 237 PathNode97
274 2 1863 237 PathNode98
275 2 1780 237 PathNode99
276 3   90  45 ParkingFLJ
277 3  139 242 ParkingQDS
278 3  785 251 ParkingQDG
279 3 1228 237 ParkingHDS
280 3 1124 317 ParkingHDG
